0010100010
1100000000
1100000000
1111001000
1011001000
1011001000
1111001000
1100000000
1000000000
0111001000
1010100100
0000000000
0111001000
0111001000
1000000000
0000000000
1010100110
1010100110
0000000000
0000000000
0000000000
1100000000
1100000000
1100000000
1000000000
0110100010
1011001000
1011111111
1011111111
1011111111
1011111111
1010100100
1010100100
1010100100
1010100100
1010100100
1011110001
1011110001
1011110001
1000000000
1010100010
1010100010
1010100010
1010100010
1010100010
1010100010